{
  "advancedEditorSelectedIdentifier" : "ProjectBrowser",
  "openSceneRelativePaths" : [
    "backrooms3.usdc"
  ],
  "recentIdentifiers" : {
    "4CD85D6A-7DEB-4EE8-92DA-7DABD0B3ACFC" : [

    ],
    "613E7C82-1B8F-4B27-AA40-F885DE06CC0C" : [

    ],
    "6156C4C7-D6FC-49AE-A973-262111B6EE9C" : [

    ],
    "A28B3506-35E9-4F85-82DF-17C6A16F2F86" : [

    ],
    "C4A5AC35-46C7-4420-86E2-A815A7E31CFC" : [

    ],
    "F8219C98-7760-4E18-B018-4DACB32C5AFF" : [

    ]
  },
  "sceneCameraHistory" : {
    "464DEC9F-901B-40B5-888B-1E6FD21C186B" : [
      {
        "date" : 757909165.306362,
        "title" : "Untitled",
        "transform" : [
          0.998615,
          1.6549576e-10,
          -0.0526118,
          0,
          0.0046675634,
          0.99605685,
          0.088594176,
          0,
          0.052404348,
          -0.08871704,
          0.99467736,
          0,
          -0.42628378,
          2.313293,
          1.8548307,
          1
        ]
      },
      {
        "date" : 757909162.953481,
        "title" : "Untitled",
        "transform" : [
          0.9989439,
          -6.782408e-12,
          -0.045945726,
          0,
          0.0037743575,
          0.9966201,
          0.08206142,
          0,
          0.045790434,
          -0.08214817,
          0.9955676,
          0,
          -0.3718313,
          2.2598553,
          1.8607264,
          1
        ]
      },
      {
        "date" : 757909157.740285,
        "title" : "Untitled",
        "transform" : [
          0.9996254,
          1.0215266e-11,
          -0.027368994,
          0,
          -0.0006758119,
          0.99969506,
          -0.02468336,
          0,
          0.027360648,
          0.02469261,
          0.99932057,
          0,
          -0.21551931,
          1.4046919,
          2.0705333,
          1
        ]
      },
      {
        "date" : 757909147.072156,
        "title" : "Untitled",
        "transform" : [
          0.81910175,
          7.785851e-09,
          -0.57364833,
          0,
          -0.1689808,
          0.9556292,
          -0.24128455,
          0,
          0.5481951,
          0.29457217,
          0.7827575,
          0,
          0.6511991,
          3.1184218,
          4.9097085,
          1
        ]
      },
      {
        "date" : 757909102.848818,
        "title" : "Untitled",
        "transform" : [
          0.8990279,
          9.427405e-09,
          -0.43789142,
          0,
          -0.19418344,
          0.8962987,
          -0.39867485,
          0,
          0.39248154,
          0.44345108,
          0.80579746,
          0,
          1.8595107,
          2.1009955,
          3.8177314,
          1
        ]
      }
    ],
    "4CD85D6A-7DEB-4EE8-92DA-7DABD0B3ACFC" : [
      {
        "date" : 757977280.807904,
        "title" : "Untitled",
        "transform" : [
          0.9999487,
          -3.2440102e-09,
          0.010136891,
          0,
          0.004232775,
          0.9086484,
          -0.41754073,
          0,
          -0.00921085,
          0.4175622,
          0.9086016,
          0,
          0.18117411,
          3.651523,
          8.077452,
          1
        ]
      },
      {
        "date" : 757918569.780761,
        "title" : "Untitled",
        "transform" : [
          0.979418,
          -3.2664471e-09,
          0.20184217,
          0,
          0.068608455,
          0.94045746,
          -0.33291534,
          0,
          -0.18982397,
          0.33991137,
          0.921101,
          0,
          -1.428339,
          2.9616456,
          8.234086,
          1
        ]
      },
      {
        "date" : 757918564.120803,
        "title" : "Untitled",
        "transform" : [
          0.98645663,
          -2.6537936e-09,
          -0.16402227,
          0,
          -0.046031006,
          0.9598135,
          -0.27683797,
          0,
          0.15743078,
          0.28063875,
          0.94681436,
          0,
          0.2143364,
          2.7192178,
          -3.2201438,
          1
        ]
      },
      {
        "date" : 757918558.834604,
        "title" : "Untitled",
        "transform" : [
          0.9913778,
          -7.3481665e-10,
          -0.13103539,
          0,
          -0.07986703,
          0.7927804,
          -0.604252,
          0,
          0.10388227,
          0.6095073,
          0.78594476,
          0,
          12.598829,
          28.439064,
          26.064241,
          1
        ]
      },
      {
        "date" : 757918543.292793,
        "title" : "Untitled",
        "transform" : [
          0.99353576,
          -7.886456e-10,
          -0.113520324,
          0,
          -0.060213484,
          0.8477348,
          -0.5269915,
          0,
          0.09623512,
          0.5304203,
          0.84225476,
          0,
          7.4458637,
          20.271074,
          32.839146,
          1
        ]
      },
      {
        "date" : 757918522.212362,
        "title" : "Untitled",
        "transform" : [
          0.99353576,
          -7.886456e-10,
          -0.113520324,
          0,
          -0.060213484,
          0.8477348,
          -0.5269915,
          0,
          0.09623512,
          0.5304203,
          0.84225476,
          0,
          1.1825058,
          3.2193265,
          5.2153096,
          1
        ]
      },
      {
        "date" : 757918439.695002,
        "title" : "Untitled",
        "transform" : [
          0.99353576,
          -7.886456e-10,
          -0.113520324,
          0,
          -0.060213484,
          0.8477348,
          -0.5269915,
          0,
          0.09623512,
          0.5304203,
          0.84225476,
          0,
          2.759966,
          1.9637327,
          5.825797,
          1
        ]
      },
      {
        "date" : 757918437.045933,
        "title" : "Untitled",
        "transform" : [
          0.99353576,
          -7.886456e-10,
          -0.113520324,
          0,
          -0.060213484,
          0.8477348,
          -0.5269915,
          0,
          0.09623512,
          0.5304203,
          0.84225476,
          0,
          2.6100965,
          5.178993,
          3.8180714,
          1
        ]
      },
      {
        "date" : 757918414.202057,
        "title" : "Untitled",
        "transform" : [
          0.14359732,
          -3.238527e-09,
          -0.9896361,
          0,
          -0.41529095,
          0.9076907,
          -0.060259175,
          0,
          0.89828354,
          0.41964003,
          0.13034189,
          0,
          50.218594,
          27.171774,
          18.268196,
          1
        ]
      },
      {
        "date" : 757918401.785358,
        "title" : "Untitled",
        "transform" : [
          0.6106824,
          -2.1802427e-09,
          -0.79187554,
          0,
          -0.19044787,
          0.9706486,
          -0.14687051,
          0,
          0.76863295,
          0.24050227,
          0.59275806,
          0,
          38.11559,
          16.79209,
          43.118057,
          1
        ]
      }
    ],
    "613E7C82-1B8F-4B27-AA40-F885DE06CC0C" : [
      {
        "date" : 757917352.730011,
        "title" : "Untitled",
        "transform" : [
          1,
          0,
          0,
          0,
          0,
          1,
          0,
          0,
          0,
          0,
          1,
          0,
          0.45072174,
          1.2629894,
          1.9999998,
          1
        ]
      },
      {
        "date" : 757917335.088221,
        "title" : "Untitled",
        "transform" : [
          1,
          0,
          0,
          0,
          0,
          1,
          0,
          0,
          0,
          0,
          1,
          0,
          0.3999977,
          1.6180428,
          2,
          1
        ]
      },
      {
        "date" : 757917325.598507,
        "title" : "Untitled",
        "transform" : [
          1,
          0,
          0,
          0,
          0,
          1,
          0,
          0,
          0,
          0,
          1,
          0,
          0.56907654,
          1.7702106,
          2,
          1
        ]
      },
      {
        "date" : 757917284.771238,
        "title" : "Untitled",
        "transform" : [
          1,
          0,
          0,
          0,
          0,
          1,
          0,
          0,
          0,
          0,
          1,
          0,
          0.44226837,
          1.8293873,
          2,
          1
        ]
      },
      {
        "date" : 757917235.508435,
        "title" : "Untitled",
        "transform" : [
          1,
          0,
          0,
          0,
          0,
          1,
          0,
          0,
          0,
          0,
          1,
          0,
          0.19710898,
          1.9646469,
          1.9999998,
          1
        ]
      },
      {
        "date" : 757917185.499088,
        "title" : "Untitled",
        "transform" : [
          1,
          0,
          0,
          0,
          0,
          1,
          0,
          0,
          0,
          0,
          1,
          0,
          0.05072403,
          0.8053479,
          1.9999998,
          1
        ]
      },
      {
        "date" : 757916944.881198,
        "title" : "Untitled",
        "transform" : [
          0.9610527,
          2.2082425e-09,
          -0.27636537,
          0,
          -0.14580768,
          0.849499,
          -0.50704205,
          0,
          0.23477207,
          0.5275903,
          0.8164133,
          0,
          -5.873083,
          18.794502,
          26.296257,
          1
        ]
      },
      {
        "date" : 757916894.997698,
        "title" : "Untitled",
        "transform" : [
          0.99999756,
          0,
          -0.0022125223,
          0,
          0,
          1,
          0,
          0,
          0.0022125223,
          0,
          0.99999756,
          0,
          -2.3347168,
          0.88972545,
          2.9511952,
          1
        ]
      },
      {
        "date" : 757916889.091401,
        "title" : "Untitled",
        "transform" : [
          0.99999756,
          0,
          -0.0022125223,
          0,
          0,
          1,
          0,
          0,
          0.0022125223,
          0,
          0.99999756,
          0,
          8.675555,
          2.050393,
          2.926835,
          1
        ]
      },
      {
        "date" : 757916885.76964,
        "title" : "Untitled",
        "transform" : [
          1,
          0,
          0,
          0,
          0,
          1,
          0,
          0,
          0,
          0,
          1,
          0,
          74.46633,
          8.212943,
          6.852687,
          1
        ]
      }
    ],
    "6156C4C7-D6FC-49AE-A973-262111B6EE9C" : [
      {
        "date" : 757912677.106722,
        "title" : "Untitled",
        "transform" : [
          0.8737563,
          -1.5054674e-08,
          -0.48636395,
          0,
          -0.06486727,
          0.99106604,
          -0.11653456,
          0,
          0.48201877,
          0.13337192,
          0.8659502,
          0,
          25.222569,
          11.051149,
          10.197622,
          1
        ]
      },
      {
        "date" : 757912673.973865,
        "title" : "Untitled",
        "transform" : [
          -0.09970529,
          -2.1416575e-08,
          -0.99501693,
          0,
          0.6471767,
          0.75957674,
          -0.06485008,
          0,
          0.7557918,
          -0.65041775,
          -0.07573381,
          0,
          26.407644,
          -6.59941,
          -13.610872,
          1
        ]
      },
      {
        "date" : 757912672.797106,
        "title" : "Untitled",
        "transform" : [
          -0.100296006,
          -2.3774245e-08,
          -0.9949576,
          0,
          0.6462802,
          0.7603141,
          -0.06514783,
          0,
          0.75648034,
          -0.6495555,
          -0.076256424,
          0,
          26.407589,
          -6.575913,
          -13.623226,
          1
        ]
      },
      {
        "date" : 757912670.908197,
        "title" : "Untitled",
        "transform" : [
          -0.10151816,
          -2.0832093e-08,
          -0.99483365,
          0,
          0.6495683,
          0.7574082,
          -0.06628545,
          0,
          0.75349516,
          -0.65294164,
          -0.076890655,
          0,
          26.362673,
          -6.6682816,
          -13.644233,
          1
        ]
      },
      {
        "date" : 757909754.359151,
        "title" : "Untitled",
        "transform" : [
          0.9702089,
          -1.2453363e-09,
          0.24227022,
          0,
          -0.026017876,
          0.9942168,
          0.104192585,
          0,
          -0.24086906,
          -0.10739193,
          0.964598,
          0,
          6.238733,
          6.5818725,
          25.751867,
          1
        ]
      },
      {
        "date" : 757908577.119938,
        "title" : "Untitled",
        "transform" : [
          0.9585219,
          5.0279483e-09,
          -0.28501904,
          0,
          -0.15699041,
          0.8346329,
          -0.5279603,
          0,
          0.23788628,
          0.55080676,
          0.80001384,
          0,
          17.033117,
          21.708008,
          12.587606,
          1
        ]
      },
      {
        "date" : 757908572.162079,
        "title" : "Untitled",
        "transform" : [
          0.99190706,
          2.8751529e-11,
          -0.1269664,
          0,
          -0.01480924,
          0.9931744,
          -0.11569508,
          0,
          0.12609977,
          0.11663904,
          0.9851367,
          0,
          0.29003784,
          3.3176513,
          6.258493,
          1
        ]
      },
      {
        "date" : 757906902.838784,
        "title" : "Untitled",
        "transform" : [
          0.99190706,
          2.8751529e-11,
          -0.1269664,
          0,
          -0.01480924,
          0.9931744,
          -0.11569508,
          0,
          0.12609977,
          0.11663904,
          0.9851367,
          0,
          0.2520218,
          2.0517685,
          -1.7661717,
          1
        ]
      },
      {
        "date" : 757906848.528174,
        "title" : "Untitled",
        "transform" : [
          0.8874626,
          2.4783966e-09,
          0.46087998,
          0,
          0.05886223,
          0.9918107,
          -0.11334409,
          0,
          -0.45710576,
          0.12771705,
          0.8801947,
          0,
          -4.9759693,
          2.094245,
          14.670311,
          1
        ]
      },
      {
        "date" : 757906837.899169,
        "title" : "Untitled",
        "transform" : [
          0.9999876,
          1.7493934e-05,
          -0.004981872,
          0,
          0.00077236607,
          0.98735857,
          0.15850051,
          0,
          0.0049216673,
          -0.1585024,
          0.98734635,
          0,
          0,
          1.6,
          2,
          1
        ]
      }
    ],
    "A28B3506-35E9-4F85-82DF-17C6A16F2F86" : [
      {
        "date" : 757906930.469764,
        "title" : "Untitled",
        "transform" : [
          1,
          0,
          -0,
          0,
          -0,
          0.86999756,
          -0.49305597,
          0,
          0,
          0.49305597,
          0.86999756,
          0,
          -35.41305,
          65.623695,
          110.03625,
          1
        ]
      },
      {
        "date" : 757906774.519162,
        "title" : "Untitled",
        "transform" : [
          0.9877812,
          8.6535573e-10,
          0.15584663,
          0,
          -0.0135030085,
          0.99623936,
          0.08558426,
          0,
          -0.15526056,
          -0.086642936,
          0.98406667,
          0,
          -1.6238484,
          0.7002969,
          2.724311,
          1
        ]
      },
      {
        "date" : 757906699.0849,
        "title" : "Untitled",
        "transform" : [
          0.9877812,
          8.6535573e-10,
          0.15584663,
          0,
          -0.0135030085,
          0.99623936,
          0.08558426,
          0,
          -0.15526055,
          -0.08664293,
          0.98406655,
          0,
          -1.5087103,
          0.76454973,
          1.9945469,
          1
        ]
      },
      {
        "date" : 757905654.273333,
        "title" : "Untitled",
        "transform" : [
          0.8246548,
          -1.7415773e-09,
          -0.5656362,
          0,
          -0.031074706,
          0.9984898,
          -0.04530455,
          0,
          0.564782,
          0.0549376,
          0.8234095,
          0,
          7.232396,
          2.4924257,
          -0.8814335,
          1
        ]
      },
      {
        "date" : 757905627.645492,
        "title" : "Untitled",
        "transform" : [
          0.9814595,
          -7.537011e-10,
          0.19166929,
          0,
          0.030203806,
          0.9875058,
          -0.15466127,
          0,
          -0.18927458,
          0.15758294,
          0.96919703,
          0,
          0.3366909,
          3.473583,
          2.0194569,
          1
        ]
      },
      {
        "date" : 757905624.7828,
        "title" : "Untitled",
        "transform" : [
          0.98087424,
          8.70809e-11,
          0.19464223,
          0,
          0.005023374,
          0.9996669,
          -0.02531466,
          0,
          -0.19457744,
          0.025808267,
          0.9805476,
          0,
          0.24704528,
          0.5253056,
          2.1261082,
          1
        ]
      },
      {
        "date" : 757892941.137169,
        "title" : "Untitled",
        "transform" : [
          0.98525447,
          -4.8540194e-10,
          0.17109513,
          0,
          0.020879403,
          0.99252594,
          -0.12023444,
          0,
          -0.16981639,
          0.12203389,
          0.9778906,
          0,
          0.7510092,
          2.4837968,
          2.072029,
          1
        ]
      },
      {
        "date" : 757892920.482493,
        "title" : "Untitled",
        "transform" : [
          0.9732958,
          -1.0240602e-09,
          0.22955447,
          0,
          0.01998345,
          0.99620366,
          -0.08472851,
          0,
          -0.22868302,
          0.087053195,
          0.9696008,
          0,
          -0.447114,
          1.7718287,
          1.9033049,
          1
        ]
      },
      {
        "date" : 757892792.653206,
        "title" : "Untitled",
        "transform" : [
          0.9743909,
          1.7768648e-10,
          0.22486062,
          0,
          0.011366724,
          0.99872154,
          -0.049255546,
          0,
          -0.22457314,
          0.050550085,
          0.97314525,
          0,
          -6.4837856,
          2.9439282,
          5.7927685,
          1
        ]
      },
      {
        "date" : 757892785.851574,
        "title" : "Untitled",
        "transform" : [
          0.9635791,
          7.649414e-09,
          0.26742348,
          0,
          0.13543482,
          0.8622733,
          -0.4879981,
          0,
          -0.23059215,
          0.5064432,
          0.83086854,
          0,
          -1.2070972,
          2.8763676,
          2.147171,
          1
        ]
      }
    ],
    "B1572E72-5A91-4184-BF05-A3C5816F57F1" : [
      {
        "date" : 757905553.532454,
        "title" : "Untitled",
        "transform" : [
          0.96946937,
          -5.8859173e-10,
          -0.24521251,
          0,
          -0.06935196,
          0.95917183,
          -0.27418917,
          0,
          0.23520093,
          0.28282395,
          0.92988765,
          0,
          7.802296,
          12.072528,
          16.910862,
          1
        ]
      },
      {
        "date" : 757905542.960233,
        "title" : "Untitled",
        "transform" : [
          0.99995524,
          0,
          -0.009460308,
          0,
          0,
          1,
          0,
          0,
          0.009460308,
          0,
          0.99995524,
          0,
          44.028164,
          0.09434366,
          11.279326,
          1
        ]
      },
      {
        "date" : 757905535.744528,
        "title" : "Untitled",
        "transform" : [
          1,
          0,
          0,
          0,
          0,
          1,
          0,
          0,
          0,
          0,
          1,
          0,
          -3.043827,
          1.9446254,
          2,
          1
        ]
      }
    ],
    "C4A5AC35-46C7-4420-86E2-A815A7E31CFC" : [
      {
        "date" : 758059363.719325,
        "title" : "Untitled",
        "transform" : [
          0.9538168,
          8.561427e-10,
          0.30038902,
          0,
          0.038453218,
          0.99177265,
          -0.12209943,
          0,
          -0.29791772,
          0.1280114,
          0.9459695,
          0,
          -1.312943,
          3.4091687,
          6.0023613,
          1
        ]
      },
      {
        "date" : 758059287.706008,
        "title" : "Untitled",
        "transform" : [
          0.94245636,
          7.112694e-10,
          0.33432925,
          0,
          0.026787568,
          0.9967849,
          -0.07551274,
          0,
          -0.33325446,
          0.08012333,
          0.93942636,
          0,
          -2.2540193,
          2.1338303,
          5.8281097,
          1
        ]
      },
      {
        "date" : 758059264.754513,
        "title" : "Untitled",
        "transform" : [
          0.5932837,
          9.799979e-10,
          0.8049935,
          0,
          0.05936478,
          0.9972771,
          -0.043752104,
          0,
          -0.8028016,
          0.073745675,
          0.5916682,
          0,
          -9.601796,
          2.0557933,
          3.7328644,
          1
        ]
      },
      {
        "date" : 758058069.563949,
        "title" : "Untitled",
        "transform" : [
          0.99233794,
          6.7187256e-11,
          0.12355347,
          0,
          0.006000553,
          0.99881995,
          -0.048194326,
          0,
          -0.12340767,
          0.04856645,
          0.9911669,
          0,
          -0.6916313,
          1.7730795,
          6.0294456,
          1
        ]
      },
      {
        "date" : 758058064.131696,
        "title" : "Untitled",
        "transform" : [
          0.9929463,
          1.7528682e-09,
          -0.118564114,
          0,
          -0.06400878,
          0.8417507,
          -0.53605825,
          0,
          0.099801436,
          0.5398663,
          0.83581346,
          0,
          -27.325962,
          29.74764,
          47.149773,
          1
        ]
      },
      {
        "date" : 758058020.378813,
        "title" : "Untitled",
        "transform" : [
          1,
          0,
          0,
          0,
          0,
          1,
          0,
          0,
          0,
          0,
          1,
          0,
          -1.3776054,
          0.9478009,
          2,
          1
        ]
      },
      {
        "date" : 758057817.283936,
        "title" : "Untitled",
        "transform" : [
          0.9440526,
          1.0228876e-08,
          0.3297952,
          0,
          0.10782845,
          0.9450395,
          -0.30866352,
          0,
          -0.31166944,
          0.3269559,
          0.8921671,
          0,
          -9.999618,
          22.31328,
          44.48376,
          1
        ]
      },
      {
        "date" : 758057607.911072,
        "title" : "Untitled",
        "transform" : [
          0.94267184,
          -3.1951608e-11,
          0.33372104,
          0,
          -0.002170649,
          0.99997884,
          0.0061314977,
          0,
          -0.33371395,
          -0.0065043815,
          0.942652,
          0,
          -3.1259117,
          1.5765332,
          12.981072,
          1
        ]
      },
      {
        "date" : 758057588.02085,
        "title" : "Untitled",
        "transform" : [
          0.77982306,
          -4.097526e-09,
          -0.626,
          0,
          -0.42501888,
          0.73419005,
          -0.5294563,
          0,
          0.45960286,
          0.67894405,
          0.5725384,
          0,
          3.5216846,
          53.45306,
          42.58072,
          1
        ]
      },
      {
        "date" : 758057541.992435,
        "title" : "Untitled",
        "transform" : [
          0.8169667,
          4.296119e-10,
          -0.5766848,
          0,
          -0.5171709,
          0.44243598,
          -0.7326558,
          0,
          0.25514606,
          0.8968001,
          0.36145553,
          0,
          -11.757679,
          64.87526,
          25.459803,
          1
        ]
      }
    ],
    "EF799A94-C13C-4B91-8EFD-2BEFA7D5FC61" : [
      {
        "date" : 758060293.474908,
        "title" : "Untitled",
        "transform" : [
          0.59412175,
          8.2050433e-10,
          0.8043752,
          0,
          0.33578634,
          0.9086999,
          -0.24801612,
          0,
          -0.7309355,
          0.41745,
          0.53987837,
          0,
          -5.3353596,
          3.0471098,
          3.9407494,
          1
        ]
      },
      {
        "date" : 758060255.351629,
        "title" : "Untitled",
        "transform" : [
          0.878727,
          8.0320284e-10,
          0.47732472,
          0,
          0.19888501,
          0.9090596,
          -0.36613575,
          0,
          -0.4339166,
          0.41666612,
          0.7988152,
          0,
          -3.1673048,
          3.041388,
          5.8308234,
          1
        ]
      },
      {
        "date" : 758060229.627002,
        "title" : "Untitled",
        "transform" : [
          0.83109164,
          -3.2325325e-09,
          0.55613554,
          0,
          0.16893049,
          0.95274925,
          -0.25245056,
          0,
          -0.5298577,
          0.3037578,
          0.79182196,
          0,
          -2.822796,
          1.6182579,
          4.2184,
          1
        ]
      },
      {
        "date" : 758060207.5941,
        "title" : "Untitled",
        "transform" : [
          0.99989784,
          1.1464897e-10,
          0.014295696,
          0,
          0.0026929388,
          0.9820973,
          -0.18835479,
          0,
          -0.014039766,
          0.18837403,
          0.98199695,
          0,
          -0.10469079,
          1.4046555,
          7.3224893,
          1
        ]
      }
    ],
    "F8219C98-7760-4E18-B018-4DACB32C5AFF" : [
      {
        "date" : 758059795.972713,
        "title" : "Untitled",
        "transform" : [
          0.9871346,
          7.3490014e-10,
          -0.15989149,
          0,
          -0.06944772,
          0.90074766,
          -0.42875484,
          0,
          0.14402185,
          0.43434283,
          0.8891592,
          0,
          0.15329853,
          2.787004,
          2.2917058,
          1
        ]
      },
      {
        "date" : 758059781.221871,
        "title" : "Untitled",
        "transform" : [
          0.9872033,
          8.0837914e-10,
          -0.1594668,
          0,
          0.01509471,
          0.9955099,
          0.09344608,
          0,
          0.15875077,
          -0.09465739,
          0.98277074,
          0,
          0.32971594,
          1.2007923,
          3.3900137,
          1
        ]
      },
      {
        "date" : 758059769.390984,
        "title" : "Untitled",
        "transform" : [
          0.99805415,
          2.725461e-10,
          0.062353406,
          0,
          0.010496921,
          0.985728,
          -0.16801801,
          0,
          -0.061463498,
          0.1683456,
          0.98380995,
          0,
          -0.26980972,
          2.1836538,
          3.7613492,
          1
        ]
      },
      {
        "date" : 758059760.66702,
        "title" : "Untitled",
        "transform" : [
          0.90435416,
          1.3742774e-08,
          0.42678303,
          0,
          0.21533719,
          0.8633773,
          -0.4562999,
          0,
          -0.36847475,
          0.5045589,
          0.78079873,
          0,
          -8.185753,
          12.453563,
          34.325367,
          1
        ]
      },
      {
        "date" : 758059730.985284,
        "title" : "Untitled",
        "transform" : [
          0.93665427,
          4.8722377e-09,
          0.35025513,
          0,
          0.13331883,
          0.924726,
          -0.356522,
          0,
          -0.32389003,
          0.38063347,
          0.8661486,
          0,
          -3.0752907,
          2.8508475,
          12.679015,
          1
        ]
      },
      {
        "date" : 758059723.672083,
        "title" : "Untitled",
        "transform" : [
          0.9423508,
          -1.0791011e-08,
          0.3346266,
          0,
          0.22156306,
          0.74939764,
          -0.6239495,
          0,
          -0.2507684,
          0.6621203,
          0.7061954,
          0,
          -62.632885,
          70.85297,
          57.055264,
          1
        ]
      },
      {
        "date" : 758059701.346333,
        "title" : "Untitled",
        "transform" : [
          0.97360724,
          -5.9764443e-10,
          0.22823006,
          0,
          0.028272238,
          0.99229777,
          -0.12060661,
          0,
          -0.22647214,
          0.123876005,
          0.96610814,
          0,
          -6.344402,
          1.9402857,
          2.3026571,
          1
        ]
      },
      {
        "date" : 758059682.866806,
        "title" : "Untitled",
        "transform" : [
          0.9841432,
          -7.598225e-10,
          -0.17737594,
          0,
          -0.024544498,
          0.99037987,
          -0.1361814,
          0,
          0.17566955,
          0.13837555,
          0.9746755,
          0,
          -0.045592546,
          2.1673946,
          2.4368496,
          1
        ]
      },
      {
        "date" : 758059645.611062,
        "title" : "Untitled",
        "transform" : [
          0.9999704,
          1.471886e-10,
          0.0077005713,
          0,
          -0.0021892935,
          0.9587346,
          0.2842943,
          0,
          -0.007382804,
          -0.28430274,
          0.9587061,
          0,
          -0.031101227,
          0.50973415,
          2.5640316,
          1
        ]
      },
      {
        "date" : 758059613.457988,
        "title" : "Untitled",
        "transform" : [
          0.9986342,
          3.086749e-11,
          0.052245956,
          0,
          0.001775786,
          0.9994222,
          -0.033942547,
          0,
          -0.05221577,
          0.033988968,
          0.9980572,
          0,
          -0.23102188,
          1.7215255,
          3.688652,
          1
        ]
      }
    ]
  },
  "sceneViewportBackgroundColors" : {

  },
  "selectedSceneRelativePath" : "backrooms3.usdc"
}