{
  "advancedEditorSelectedIdentifier" : "ProjectBrowser",
  "openSceneRelativePaths" : [
    "BackRoomScene.usda"
  ],
  "recentIdentifiers" : {
    "6156C4C7-D6FC-49AE-A973-262111B6EE9C" : [

    ],
    "A28B3506-35E9-4F85-82DF-17C6A16F2F86" : [

    ]
  },
  "sceneCameraHistory" : {
    "6156C4C7-D6FC-49AE-A973-262111B6EE9C" : [
      {
        "date" : 757722142.399776,
        "title" : "Untitled",
        "transform" : [
          0.9742427,
          2.4671292e-09,
          -0.22550187,
          0,
          -0.008935212,
          0.99921477,
          -0.038603168,
          0,
          0.2253247,
          0.039623793,
          0.9734777,
          0,
          -4.6622887,
          2.3103209,
          3.0436912,
          1
        ]
      },
      {
        "date" : 757722078.207898,
        "title" : "Untitled",
        "transform" : [
          0.9742427,
          2.4671292e-09,
          -0.22550187,
          0,
          -0.008935212,
          0.99921477,
          -0.038603168,
          0,
          0.2253247,
          0.039623793,
          0.9734777,
          0,
          -5.1854534,
          2.4602118,
          3.1586833,
          1
        ]
      },
      {
        "date" : 757721939.829511,
        "title" : "Untitled",
        "transform" : [
          0.9742427,
          2.4671292e-09,
          -0.22550187,
          0,
          -0.008935212,
          0.99921477,
          -0.038603168,
          0,
          0.2253247,
          0.039623793,
          0.9734777,
          0,
          -5.3635964,
          1.3683205,
          3.24436,
          1
        ]
      },
      {
        "date" : 757721887.299333,
        "title" : "Untitled",
        "transform" : [
          0.962985,
          1.7005788e-09,
          -0.2695548,
          0,
          -0.02599558,
          0.995339,
          -0.09286934,
          0,
          0.2682983,
          0.09643905,
          0.9584966,
          0,
          -3.8417387,
          1.1120515,
          2.9396172,
          1
        ]
      },
      {
        "date" : 757718011.669761,
        "title" : "Untitled",
        "transform" : [
          0.9792035,
          1.8934934e-09,
          -0.20288065,
          0,
          -0.035586726,
          0.984496,
          -0.17175941,
          0,
          0.19973513,
          0.1754073,
          0.9640219,
          0,
          -4.7333927,
          2.9142966,
          2.909565,
          1
        ]
      },
      {
        "date" : 757717959.481716,
        "title" : "Untitled",
        "transform" : [
          0.9792035,
          1.8934934e-09,
          -0.20288065,
          0,
          -0.035586726,
          0.984496,
          -0.17175941,
          0,
          0.19973513,
          0.1754073,
          0.9640219,
          0,
          -6.6171,
          2.3470874,
          -3.0420732,
          1
        ]
      },
      {
        "date" : 757717938.845579,
        "title" : "Untitled",
        "transform" : [
          0.9792035,
          1.8934934e-09,
          -0.20288065,
          0,
          -0.035586726,
          0.984496,
          -0.17175941,
          0,
          0.19973513,
          0.1754073,
          0.9640219,
          0,
          -6.799761,
          2.7680774,
          -3.0808268,
          1
        ]
      },
      {
        "date" : 757717822.640706,
        "title" : "Untitled",
        "transform" : [
          0.9792035,
          1.8934934e-09,
          -0.20288065,
          0,
          -0.035586726,
          0.984496,
          -0.17175941,
          0,
          0.19973513,
          0.1754073,
          0.9640219,
          0,
          -5.2698894,
          2.393846,
          3.3391209,
          1
        ]
      },
      {
        "date" : 757717818.492436,
        "title" : "Untitled",
        "transform" : [
          0.9792035,
          1.8934934e-09,
          -0.20288065,
          0,
          -0.035586726,
          0.984496,
          -0.17175941,
          0,
          0.19973513,
          0.1754073,
          0.9640219,
          0,
          -5.969444,
          2.5488963,
          3.4558496,
          1
        ]
      },
      {
        "date" : 757717665.448141,
        "title" : "Untitled",
        "transform" : [
          0.9792034,
          1.8934931e-09,
          -0.20288062,
          0,
          -0.035586726,
          0.984496,
          -0.17175941,
          0,
          0.19973513,
          0.1754073,
          0.9640219,
          0,
          -1.7657028,
          1.6154054,
          2.7547297,
          1
        ]
      }
    ],
    "A28B3506-35E9-4F85-82DF-17C6A16F2F86" : [
      {
        "date" : 757905654.273333,
        "title" : "Untitled",
        "transform" : [
          0.8246548,
          -1.7415773e-09,
          -0.5656362,
          0,
          -0.031074706,
          0.9984898,
          -0.04530455,
          0,
          0.564782,
          0.0549376,
          0.8234095,
          0,
          7.232396,
          2.4924257,
          -0.8814335,
          1
        ]
      },
      {
        "date" : 757905627.645492,
        "title" : "Untitled",
        "transform" : [
          0.9814595,
          -7.537011e-10,
          0.19166929,
          0,
          0.030203806,
          0.9875058,
          -0.15466127,
          0,
          -0.18927458,
          0.15758294,
          0.96919703,
          0,
          0.3366909,
          3.473583,
          2.0194569,
          1
        ]
      },
      {
        "date" : 757905624.7828,
        "title" : "Untitled",
        "transform" : [
          0.98087424,
          8.70809e-11,
          0.19464223,
          0,
          0.005023374,
          0.9996669,
          -0.02531466,
          0,
          -0.19457744,
          0.025808267,
          0.9805476,
          0,
          0.24704528,
          0.5253056,
          2.1261082,
          1
        ]
      },
      {
        "date" : 757892941.137169,
        "title" : "Untitled",
        "transform" : [
          0.98525447,
          -4.8540194e-10,
          0.17109513,
          0,
          0.020879403,
          0.99252594,
          -0.12023444,
          0,
          -0.16981639,
          0.12203389,
          0.9778906,
          0,
          0.7510092,
          2.4837968,
          2.072029,
          1
        ]
      },
      {
        "date" : 757892920.482493,
        "title" : "Untitled",
        "transform" : [
          0.9732958,
          -1.0240602e-09,
          0.22955447,
          0,
          0.01998345,
          0.99620366,
          -0.08472851,
          0,
          -0.22868302,
          0.087053195,
          0.9696008,
          0,
          -0.447114,
          1.7718287,
          1.9033049,
          1
        ]
      },
      {
        "date" : 757892792.653206,
        "title" : "Untitled",
        "transform" : [
          0.9743909,
          1.7768648e-10,
          0.22486062,
          0,
          0.011366724,
          0.99872154,
          -0.049255546,
          0,
          -0.22457314,
          0.050550085,
          0.97314525,
          0,
          -6.4837856,
          2.9439282,
          5.7927685,
          1
        ]
      },
      {
        "date" : 757892785.851574,
        "title" : "Untitled",
        "transform" : [
          0.9635791,
          7.649414e-09,
          0.26742348,
          0,
          0.13543482,
          0.8622733,
          -0.4879981,
          0,
          -0.23059215,
          0.5064432,
          0.83086854,
          0,
          -1.2070972,
          2.8763676,
          2.147171,
          1
        ]
      },
      {
        "date" : 757892781.459112,
        "title" : "Untitled",
        "transform" : [
          0.9525128,
          7.938742e-09,
          0.30449873,
          0,
          0.13813171,
          0.89118683,
          -0.4320944,
          0,
          -0.27136528,
          0.45363632,
          0.8488669,
          0,
          -1.0198979,
          1.8763946,
          0.9394189,
          1
        ]
      },
      {
        "date" : 757892737.678418,
        "title" : "Untitled",
        "transform" : [
          0.9525128,
          7.938742e-09,
          0.30449873,
          0,
          0.13813172,
          0.89118695,
          -0.43209445,
          0,
          -0.27136528,
          0.45363632,
          0.8488669,
          0,
          -1.0985103,
          2.0078096,
          1.1853284,
          1
        ]
      },
      {
        "date" : 757892602.207867,
        "title" : "Untitled",
        "transform" : [
          0.996104,
          2.4173628e-09,
          0.08818619,
          0,
          0.027567293,
          0.9498838,
          -0.3113854,
          0,
          -0.08376663,
          0.31260327,
          0.94618297,
          0,
          -0.7058126,
          1.6441468,
          1.8880192,
          1
        ]
      }
    ],
    "B1572E72-5A91-4184-BF05-A3C5816F57F1" : [
      {
        "date" : 757905553.532454,
        "title" : "Untitled",
        "transform" : [
          0.96946937,
          -5.8859173e-10,
          -0.24521251,
          0,
          -0.06935196,
          0.95917183,
          -0.27418917,
          0,
          0.23520093,
          0.28282395,
          0.92988765,
          0,
          7.802296,
          12.072528,
          16.910862,
          1
        ]
      },
      {
        "date" : 757905542.960233,
        "title" : "Untitled",
        "transform" : [
          0.99995524,
          0,
          -0.009460308,
          0,
          0,
          1,
          0,
          0,
          0.009460308,
          0,
          0.99995524,
          0,
          44.028164,
          0.09434366,
          11.279326,
          1
        ]
      },
      {
        "date" : 757905535.744528,
        "title" : "Untitled",
        "transform" : [
          1,
          0,
          0,
          0,
          0,
          1,
          0,
          0,
          0,
          0,
          1,
          0,
          -3.043827,
          1.9446254,
          2,
          1
        ]
      }
    ]
  },
  "sceneViewportBackgroundColors" : {

  },
  "selectedSceneRelativePath" : "BackRoomScene.usda"
}