{
  "advancedEditorSelectedIdentifier" : "ProjectBrowser",
  "openSceneRelativePaths" : [
    "BackRoomScene.usda"
  ],
  "recentIdentifiers" : {
    "6156C4C7-D6FC-49AE-A973-262111B6EE9C" : [

    ]
  },
  "sceneCameraHistory" : {
    "6156C4C7-D6FC-49AE-A973-262111B6EE9C" : [
      {
        "date" : 757718011.669761,
        "title" : "Untitled",
        "transform" : [
          0.9792035,
          1.8934934e-09,
          -0.20288065,
          0,
          -0.035586726,
          0.984496,
          -0.17175941,
          0,
          0.19973513,
          0.1754073,
          0.9640219,
          0,
          -4.7333927,
          2.9142966,
          2.909565,
          1
        ]
      },
      {
        "date" : 757717959.481716,
        "title" : "Untitled",
        "transform" : [
          0.9792035,
          1.8934934e-09,
          -0.20288065,
          0,
          -0.035586726,
          0.984496,
          -0.17175941,
          0,
          0.19973513,
          0.1754073,
          0.9640219,
          0,
          -6.6171,
          2.3470874,
          -3.0420732,
          1
        ]
      },
      {
        "date" : 757717938.845579,
        "title" : "Untitled",
        "transform" : [
          0.9792035,
          1.8934934e-09,
          -0.20288065,
          0,
          -0.035586726,
          0.984496,
          -0.17175941,
          0,
          0.19973513,
          0.1754073,
          0.9640219,
          0,
          -6.799761,
          2.7680774,
          -3.0808268,
          1
        ]
      },
      {
        "date" : 757717822.640706,
        "title" : "Untitled",
        "transform" : [
          0.9792035,
          1.8934934e-09,
          -0.20288065,
          0,
          -0.035586726,
          0.984496,
          -0.17175941,
          0,
          0.19973513,
          0.1754073,
          0.9640219,
          0,
          -5.2698894,
          2.393846,
          3.3391209,
          1
        ]
      },
      {
        "date" : 757717818.492436,
        "title" : "Untitled",
        "transform" : [
          0.9792035,
          1.8934934e-09,
          -0.20288065,
          0,
          -0.035586726,
          0.984496,
          -0.17175941,
          0,
          0.19973513,
          0.1754073,
          0.9640219,
          0,
          -5.969444,
          2.5488963,
          3.4558496,
          1
        ]
      },
      {
        "date" : 757717665.448141,
        "title" : "Untitled",
        "transform" : [
          0.9792034,
          1.8934931e-09,
          -0.20288062,
          0,
          -0.035586726,
          0.984496,
          -0.17175941,
          0,
          0.19973513,
          0.1754073,
          0.9640219,
          0,
          -1.7657028,
          1.6154054,
          2.7547297,
          1
        ]
      }
    ],
    "A28B3506-35E9-4F85-82DF-17C6A16F2F86" : [
      {
        "date" : 757718203.614136,
        "title" : "Untitled",
        "transform" : [
          0.99962413,
          9.806411e-10,
          0.027414884,
          0,
          0.0159055,
          0.81449,
          -0.57995945,
          0,
          -0.02232915,
          0.5801775,
          0.8141839,
          0,
          6.545576,
          12.009281,
          13.1046,
          1
        ]
      },
      {
        "date" : 757718198.516745,
        "title" : "Untitled",
        "transform" : [
          1,
          0,
          0,
          0,
          0,
          1,
          0,
          0,
          0,
          0,
          1,
          0,
          8.292295,
          2.2405744,
          17.553858,
          1
        ]
      },
      {
        "date" : 757718181.414134,
        "title" : "Untitled",
        "transform" : [
          1,
          0,
          0,
          0,
          0,
          1,
          0,
          0,
          0,
          0,
          1,
          0,
          9.355984,
          1.4623357,
          14.274349,
          1
        ]
      },
      {
        "date" : 757718139.309396,
        "title" : "Untitled",
        "transform" : [
          0.99996805,
          0,
          -0.007995521,
          0,
          0,
          1,
          0,
          0,
          0.007995521,
          0,
          0.99996805,
          0,
          -0.20804977,
          7.213571,
          15.021535,
          1
        ]
      },
      {
        "date" : 757718135.933556,
        "title" : "Untitled",
        "transform" : [
          0.99996805,
          0,
          -0.007995521,
          0,
          0,
          1,
          0,
          0,
          0.007995521,
          0,
          0.99996805,
          0,
          0.5799636,
          5.1978264,
          9.0734,
          1
        ]
      },
      {
        "date" : 757718108.113066,
        "title" : "Untitled",
        "transform" : [
          1,
          0,
          0,
          0,
          0,
          1,
          0,
          0,
          0,
          0,
          1,
          0,
          0.50237405,
          0.553699,
          3.3560076,
          1
        ]
      },
      {
        "date" : 757718085.009458,
        "title" : "Untitled",
        "transform" : [
          0.99999994,
          0,
          -0,
          0,
          -0,
          0.86823624,
          -0.49615094,
          0,
          0,
          0.49615094,
          0.86823624,
          0,
          -37.29351,
          65.07114,
          111.25003,
          1
        ]
      },
      {
        "date" : 757718060.835244,
        "title" : "Untitled",
        "transform" : [
          1,
          0,
          0,
          0,
          0,
          0.7071069,
          -0.70710677,
          0,
          0,
          0.70710677,
          0.7071069,
          0,
          2.3461194,
          39.18148,
          38.775597,
          1
        ]
      }
    ]
  },
  "sceneViewportBackgroundColors" : {

  },
  "selectedSceneRelativePath" : "BackRoomScene.usda"
}