{
  "advancedEditorSelectedIdentifier" : "ProjectBrowser",
  "openSceneRelativePaths" : [
    "BackRoomScene.usda"
  ],
  "recentIdentifiers" : {
    "6156C4C7-D6FC-49AE-A973-262111B6EE9C" : [

    ],
    "A28B3506-35E9-4F85-82DF-17C6A16F2F86" : [

    ]
  },
  "sceneCameraHistory" : {
    "6156C4C7-D6FC-49AE-A973-262111B6EE9C" : [
      {
        "date" : 757722142.399776,
        "title" : "Untitled",
        "transform" : [
          0.9742427,
          2.4671292e-09,
          -0.22550187,
          0,
          -0.008935212,
          0.99921477,
          -0.038603168,
          0,
          0.2253247,
          0.039623793,
          0.9734777,
          0,
          -4.6622887,
          2.3103209,
          3.0436912,
          1
        ]
      },
      {
        "date" : 757722078.207898,
        "title" : "Untitled",
        "transform" : [
          0.9742427,
          2.4671292e-09,
          -0.22550187,
          0,
          -0.008935212,
          0.99921477,
          -0.038603168,
          0,
          0.2253247,
          0.039623793,
          0.9734777,
          0,
          -5.1854534,
          2.4602118,
          3.1586833,
          1
        ]
      },
      {
        "date" : 757721939.829511,
        "title" : "Untitled",
        "transform" : [
          0.9742427,
          2.4671292e-09,
          -0.22550187,
          0,
          -0.008935212,
          0.99921477,
          -0.038603168,
          0,
          0.2253247,
          0.039623793,
          0.9734777,
          0,
          -5.3635964,
          1.3683205,
          3.24436,
          1
        ]
      },
      {
        "date" : 757721887.299333,
        "title" : "Untitled",
        "transform" : [
          0.962985,
          1.7005788e-09,
          -0.2695548,
          0,
          -0.02599558,
          0.995339,
          -0.09286934,
          0,
          0.2682983,
          0.09643905,
          0.9584966,
          0,
          -3.8417387,
          1.1120515,
          2.9396172,
          1
        ]
      },
      {
        "date" : 757718011.669761,
        "title" : "Untitled",
        "transform" : [
          0.9792035,
          1.8934934e-09,
          -0.20288065,
          0,
          -0.035586726,
          0.984496,
          -0.17175941,
          0,
          0.19973513,
          0.1754073,
          0.9640219,
          0,
          -4.7333927,
          2.9142966,
          2.909565,
          1
        ]
      },
      {
        "date" : 757717959.481716,
        "title" : "Untitled",
        "transform" : [
          0.9792035,
          1.8934934e-09,
          -0.20288065,
          0,
          -0.035586726,
          0.984496,
          -0.17175941,
          0,
          0.19973513,
          0.1754073,
          0.9640219,
          0,
          -6.6171,
          2.3470874,
          -3.0420732,
          1
        ]
      },
      {
        "date" : 757717938.845579,
        "title" : "Untitled",
        "transform" : [
          0.9792035,
          1.8934934e-09,
          -0.20288065,
          0,
          -0.035586726,
          0.984496,
          -0.17175941,
          0,
          0.19973513,
          0.1754073,
          0.9640219,
          0,
          -6.799761,
          2.7680774,
          -3.0808268,
          1
        ]
      },
      {
        "date" : 757717822.640706,
        "title" : "Untitled",
        "transform" : [
          0.9792035,
          1.8934934e-09,
          -0.20288065,
          0,
          -0.035586726,
          0.984496,
          -0.17175941,
          0,
          0.19973513,
          0.1754073,
          0.9640219,
          0,
          -5.2698894,
          2.393846,
          3.3391209,
          1
        ]
      },
      {
        "date" : 757717818.492436,
        "title" : "Untitled",
        "transform" : [
          0.9792035,
          1.8934934e-09,
          -0.20288065,
          0,
          -0.035586726,
          0.984496,
          -0.17175941,
          0,
          0.19973513,
          0.1754073,
          0.9640219,
          0,
          -5.969444,
          2.5488963,
          3.4558496,
          1
        ]
      },
      {
        "date" : 757717665.448141,
        "title" : "Untitled",
        "transform" : [
          0.9792034,
          1.8934931e-09,
          -0.20288062,
          0,
          -0.035586726,
          0.984496,
          -0.17175941,
          0,
          0.19973513,
          0.1754073,
          0.9640219,
          0,
          -1.7657028,
          1.6154054,
          2.7547297,
          1
        ]
      }
    ],
    "A28B3506-35E9-4F85-82DF-17C6A16F2F86" : [
      {
        "date" : 757888531.254193,
        "title" : "Untitled",
        "transform" : [
          0.37380794,
          -6.9047186e-09,
          -0.9275062,
          0,
          -0.4838748,
          0.8531324,
          -0.19501351,
          0,
          0.79128563,
          0.5216944,
          0.31890765,
          0,
          104.757935,
          81.548,
          24.114199,
          1
        ]
      },
      {
        "date" : 757888522.64838,
        "title" : "Untitled",
        "transform" : [
          0.37380788,
          7.981253e-09,
          -0.92750615,
          0,
          -0.6621289,
          0.7002671,
          -0.26685426,
          0,
          0.649502,
          0.713881,
          0.26176536,
          0,
          12.49334,
          8.717497,
          2.7370768,
          1
        ]
      },
      {
        "date" : 757888509.124097,
        "title" : "Untitled",
        "transform" : [
          -0.27992427,
          1.021121e-08,
          -0.9600221,
          0,
          -0.5302039,
          0.83365667,
          0.15459746,
          0,
          0.8003289,
          0.55228317,
          -0.23336071,
          0,
          11.764372,
          7.2843666,
          -1.7567359,
          1
        ]
      },
      {
        "date" : 757888504.750005,
        "title" : "Untitled",
        "transform" : [
          -0.99354625,
          -7.9829476e-11,
          0.11342786,
          0,
          -0.0058196485,
          0.998683,
          -0.05097592,
          0,
          -0.11327846,
          -0.05130703,
          -0.9922377,
          0,
          5.556861,
          2.7493203,
          -8.44655,
          1
        ]
      },
      {
        "date" : 757888499.649323,
        "title" : "Untitled",
        "transform" : [
          -0.99354625,
          -7.9829476e-11,
          0.11342786,
          0,
          -0.0058196485,
          0.998683,
          -0.05097592,
          0,
          -0.11327846,
          -0.05130703,
          -0.9922377,
          0,
          5.380586,
          2.6879492,
          -8.423253,
          1
        ]
      },
      {
        "date" : 757888490.982765,
        "title" : "Untitled",
        "transform" : [
          -0.99060845,
          -1.6083329e-10,
          0.13672861,
          0,
          0.002224192,
          0.99986774,
          0.016114432,
          0,
          -0.13671052,
          0.016267208,
          -0.99047744,
          0,
          3.5417137,
          2.2766862,
          -4.656663,
          1
        ]
      },
      {
        "date" : 757888487.757304,
        "title" : "Untitled",
        "transform" : [
          -0.99886584,
          -3.4076927e-10,
          -0.047613103,
          0,
          -0.0016060328,
          0.999431,
          0.033692617,
          0,
          0.047586024,
          0.033730872,
          -0.99829745,
          0,
          4.361112,
          2.3521485,
          -4.1762543,
          1
        ]
      },
      {
        "date" : 757888478.823124,
        "title" : "Untitled",
        "transform" : [
          -0.9999851,
          -1.1171433e-09,
          -0.005455218,
          0,
          -0.0009462352,
          0.9848418,
          0.17345193,
          0,
          0.005372582,
          0.17345448,
          -0.98482716,
          0,
          14.8745365,
          4.3711314,
          -28.581339,
          1
        ]
      },
      {
        "date" : 757888463.91325,
        "title" : "Untitled",
        "transform" : [
          1,
          0,
          0,
          0,
          0,
          1,
          0,
          0,
          0,
          0,
          1,
          0,
          -16.64917,
          8.296765,
          28.787067,
          1
        ]
      },
      {
        "date" : 757888451.556226,
        "title" : "Untitled",
        "transform" : [
          1,
          0,
          0,
          0,
          0,
          1,
          0,
          0,
          0,
          0,
          1,
          0,
          -0.06506266,
          1.7111335,
          2.4445345,
          1
        ]
      }
    ]
  },
  "sceneViewportBackgroundColors" : {

  }
}